
2021;04;07;00;:Done!
2021;04;07;01;:Done!
2021;04;07;02;:Done!
2021;04;07;03;:Done!
2021;04;07;04;:Done!
2021;04;07;05;:Done!
2021;04;07;06;:Done!
2021;04;07;07;:Done!
2021;04;07;08;:Done!
2021;04;07;09;:Done!
2021;04;07;10;:Done!
2021;04;07;11;:Done!
2021;04;07;12;:Done!
2021;04;07;13;:Done!
2021;04;07;14;:Done!
2021;04;07;15;:Done!
2021;04;07;16;:Done!
2021;04;07;17;:Done!
2021;04;07;18;:Done!
2021;04;07;19;:Done!
2021;04;07;20;:Done!
2021;04;07;21;:Done!
2021;04;07;22;:Done!
2021;04;07;23;:Done!